solveTime = 0.17400002479553223
isOptimal = true

# Solved Matrix:
21  21  57  57  78  79  19  19  19  19  47  67  80  53  53  53  
12  12  66  66  81  82  83  54  54  37  37  67  84  85  86  74  
12  12  66  66  16  16  16  16  87  37  37  49  49  49  88  50  
89  90  29  4   4   59  26  48  48  48  8   8   15  15  3   50  
41  60  29  51  69  69  26  91  45  45  45  8   8   68  10  10  
41  41  29  31  92  93  94  95  61  11  11  11  11  68  10  10  
96  41  29  31  97  9   98  23  23  6   52  52  68  68  68  99  
65  65  72  62  9   9   100 56  70  6   52  52  68  68  68  68  
65  65  101 62  62  9   9   102 103 5   30  25  55  68  68  68  
58  34  33  33  62  9   75  35  35  107 30  25  55  104 68  105 
106 24  36  33  33  77  13  42  42  107 20  25  55  108 68  2   
109 24  24  24  24  77  13  76  43  107 20  40  55  18  110 2   
63  28  28  28  24  77  13  17  43  27  27  111 18  18  18  2   
28  28  28  73  46  77  112 17  43  27  27  32  18  18  18  2   
71  71  71  64  1   1   113 114 43  115 7   7   7   18  39  2   
116 117 44  38  1   1   118 119 120 121 7   7   7   22  22  14  
