solveTime = 0.22299981117248535
isOptimal = true

# Solved Matrix:
11  56  56  56  56  56  56  78  79  28  28  28  80  42  81  82  
11  11  11  11  31  31  31  31  28  28  28  67  67  42  34  13  
72  51  51  11  40  40  40  40  83  84  64  22  22  73  26  63  
72  85  51  51  57  33  2   38  38  49  59  22  22  48  26  27  
72  86  57  57  57  57  2   38  38  35  18  18  48  48  26  53  
87  57  57  57  57  62  88  3   3   3   18  18  48  48  76  69  
24  24  57  89  70  41  36  90  3   3   3   48  48  50  76  69  
24  24  54  54  70  36  36  37  91  92  93  48  48  94  95  69  
55  55  54  54  36  36  96  30  4   12  97  48  16  77  98  69  
14  52  54  54  36  99  65  30  4   12  100 101 16  58  7   69  
10  10  65  65  65  65  65  30  45  45  102 103 47  47  7   7   
10  10  65  39  39  39  104 71  45  45  105 106 47  47  7   7   
107 108 25  23  39  39  39  9   9   1   1   109 20  17  8   7   
110 111 75  23  23  15  15  9   9   43  21  19  20  5   8   68  
60  112 113 23  23  61  44  44  44  46  19  19  20  5   8   68  
29  114 115 116 23  61  66  6   117 32  19  74  118 119 8   68  
