solveTime = 518.3919999599457
isOptimal = true

# Solved Matrix:
17  17  17  23  23  23  27  28  5   5   20  20  29  30  31  22  
32  17  17  17  23  23  23  33  34  5   35  20  36  37  38  22  
39  4   17  17  17  40  41  26  26  5   5   20  42  43  44  22  
4   4   4   45  46  47  26  26  11  5   5   20  48  49  50  22  
18  4   4   51  52  53  26  26  11  5   5   20  13  13  54  22  
18  4   4   55  1   26  26  11  11  7   5   20  20  13  56  22  
18  4   4   4   1   2   2   11  11  7   5   5   13  13  13  22  
18  57  4   1   1   1   2   11  6   6   58  59  21  13  60  22  
18  61  62  24  1   2   2   11  6   6   63  64  21  13  13  65  
18  66  67  24  1   2   19  68  15  6   69  70  21  21  21  21  
18  71  3   24  24  2   2   72  10  6   6   6   9   9   73  21  
18  3   3   24  24  24  24  6   6   6   74  9   9   9   75  21  
3   3   3   76  77  24  24  8   8   6   9   9   9   9   9   78  
3   3   79  80  81  82  24  8   8   6   6   9   9   9   16  16  
3   14  14  14  14  14  24  8   8   6   6   9   9   83  16  16  
14  14  14  14  14  25  12  12  12  12  12  12  84  85  16  16  
