solveTime = 0.2869999408721924
isOptimal = true

# Solved Matrix:
56  29  27  55  78  79  62  66  20  20  80  67  67  67  67  67  
56  29  27  27  72  62  62  62  62  62  81  82  83  38  38  84  
85  29  25  27  72  13  21  86  62  7   7   70  38  38  34  34  
87  88  25  61  9   9   21  21  89  28  77  65  65  34  34  54  
90  91  25  61  61  76  76  21  92  93  94  32  65  65  95  33  
96  53  25  68  61  19  76  76  24  97  75  75  12  12  30  5   
47  47  98  99  19  19  100 101 24  51  17  17  17  17  63  102 
60  47  47  19  19  73  16  16  24  15  6   6   6   103 10  74  
45  45  41  19  46  46  43  52  6   6   6   104 35  105 10  10  
41  41  41  46  46  26  43  23  106 107 108 31  35  11  10  10  
41  58  58  1   109 26  23  23  110 18  69  64  42  48  40  10  
111 58  22  1   1   1   23  112 113 18  18  64  42  57  57  114 
58  58  1   1   1   115 44  116 117 118 18  18  57  57  119 50  
120 8   8   8   1   121 44  44  44  44  44  18  57  122 59  59  
123 124 125 126 127 128 129 71  2   4   44  57  57  36  49  49  
14  14  130 39  3   131 132 37  2   4   57  57  133 36  49  49  
