solveTime = 0.25999999046325684
isOptimal = true

# Solved Matrix:
27  28  23  23  23  23  10  10  14  14  14  29  30  31  32  11  
33  9   23  23  23  23  21  10  10  14  14  14  34  35  11  11  
9   9   9   25  25  25  21  21  21  21  36  37  38  39  11  11  
40  9   9   25  21  21  21  21  7   7   7   7   7   41  11  19  
9   9   9   25  25  25  7   21  7   7   7   42  7   43  44  2   
9   9   25  25  25  8   7   7   7   7   7   45  46  47  48  2   
9   9   9   49  25  8   8   8   8   8   8   8   50  51  52  2   
53  9   25  25  25  13  13  16  16  16  16  8   54  55  56  2   
57  5   58  59  13  13  13  20  16  16  16  16  17  15  15  2   
5   5   60  61  13  13  13  20  62  63  17  17  17  15  15  2   
5   12  64  65  13  13  22  20  20  17  17  17  17  15  15  2   
12  12  66  67  68  69  22  22  20  17  17  17  17  15  15  15  
12  12  70  71  72  73  6   22  20  17  17  17  15  15  15  24  
12  74  75  76  18  6   6   3   3   17  77  78  79  15  15  24  
80  81  82  83  18  6   4   4   4   4   4   84  85  15  15  24  
86  26  1   1   1   4   4   4   4   4   87  88  89  15  15  90  
