solveTime = 0.2999999523162842
isOptimal = true

# Solved Matrix:
57  34  72  20  59  59  69  74  74  74  78  79  40  40  28  9   
57  37  20  20  59  59  69  69  80  81  40  40  40  40  28  9   
57  20  20  36  82  83  84  69  85  86  40  40  61  61  48  7   
27  20  26  26  26  26  87  88  89  60  52  32  61  61  48  71  
27  26  26  26  26  90  91  92  60  60  52  2   2   77  23  71  
27  41  25  25  25  8   17  53  60  60  67  2   2   29  29  50  
27  41  41  4   4   8   3   3   60  60  46  46  46  46  46  50  
10  10  41  4   4   24  3   3   60  60  46  46  46  46  46  50  
10  10  5   5   65  12  49  22  60  60  93  94  33  1   62  11  
10  10  5   5   45  45  45  95  60  60  30  30  33  1   1   11  
10  10  44  43  19  19  42  42  60  30  30  14  14  1   1   11  
96  63  63  63  19  19  16  16  15  15  47  31  14  14  1   73  
97  35  6   51  13  16  16  15  15  55  55  31  98  14  14  38  
66  35  6   76  64  99  15  15  100 55  55  31  75  75  75  58  
66  66  101 76  70  54  18  18  18  21  21  21  75  75  75  102 
103 66  104 105 106 18  18  18  107 108 109 110 56  68  39  111 
