solveTime = 0.6840000152587891
isOptimal = true

# Solved Matrix:
78  79  63  63  63  47  38  38  27  17  17  35  35  80  81  77  
63  63  63  47  47  47  38  82  27  17  17  35  48  83  84  85  
22  66  47  47  47  38  38  86  27  17  17  35  48  48  23  52  
22  22  47  37  30  30  87  88  89  90  91  35  35  48  10  9   
22  22  92  93  70  62  94  95  96  36  36  35  35  24  10  9   
97  22  45  98  99  100 101 102 64  36  36  7   35  24  39  67  
53  45  45  45  45  54  103 6   6   49  7   7   35  24  24  67  
12  5   75  45  54  54  8   8   6   104 7   35  35  24  24  57  
105 1   1   60  54  54  8   8   6   6   58  58  42  61  24  106 
40  107 41  11  54  74  46  2   108 58  58  25  14  59  24  109 
40  34  4   4   4   55  2   2   20  20  20  20  110 111 112 26  
40  50  29  4   4   4   2   13  13  13  20  20  20  20  76  68  
18  18  18  69  73  113 13  13  13  114 115 19  3   3   3   65  
116 51  44  69  72  117 43  43  33  33  31  15  15  15  118 119 
21  16  16  120 121 122 43  43  33  33  15  15  15  56  56  123 
21  32  124 125 28  28  28  28  28  28  28  28  28  71  56  56  
