solveTime = 0.49699997901916504
isOptimal = true

# Solved Matrix:
78  79  80  35  35  20  22  22  41  51  51  51  51  81  82  23  
83  84  85  86  87  88  29  22  75  11  11  11  70  89  9   90  
91  92  93  8   8   8   73  22  22  94  95  3   70  96  9   97  
6   98  99  8   8   8   16  17  17  100 101 3   3   9   9   102 
49  103 36  36  59  15  16  17  17  48  48  48  3   9   45  52  
31  14  42  76  63  15  12  62  17  37  44  44  44  9   45  45  
31  14  14  63  63  15  50  62  17  17  13  13  13  13  104 45  
31  14  14  63  55  26  50  62  17  17  105 106 107 56  56  5   
31  14  14  108 55  26  50  50  109 17  110 111 56  56  19  19  
57  112 14  43  43  24  24  50  50  17  17  58  27  27  19  19  
57  113 43  43  71  32  24  72  50  17  17  58  27  27  114 74  
57  115 116 39  32  32  24  24  50  77  30  30  30  1   117 118 
119 21  21  21  32  32  66  66  77  77  77  18  25  1   1   120 
121 4   4   68  32  66  66  33  33  77  122 18  2   1   1   123 
69  38  38  54  61  53  65  64  33  124 125 18  126 67  1   127 
7   7   34  34  34  28  47  46  33  33  128 129 40  60  10  130 
