solveTime = 0.22300004959106445
isOptimal = true

# Solved Matrix:
78  79  80  81  51  51  74  26  26  82  83  84  37  37  85  32  
30  68  86  87  33  2   17  17  17  17  17  37  37  49  49  32  
13  34  88  64  33  5   27  27  27  27  89  60  47  61  90  32  
13  57  24  64  23  5   40  91  92  52  1   1   1   61  93  94  
46  57  24  75  75  40  40  48  48  48  48  1   1   1   95  96  
97  57  24  25  25  40  98  99  100 48  48  48  48  39  55  11  
101 57  44  25  25  102 103 18  18  104 31  31  7   7   11  11  
105 57  54  106 12  4   107 45  18  18  31  31  7   7   11  11  
108 54  54  54  54  62  62  54  69  69  42  42  7   7   11  35  
109 54  110 111 54  54  54  54  67  42  42  112 7   7   20  9   
113 114 115 14  14  14  54  116 67  65  65  63  117 56  20  29  
118 16  14  14  14  41  41  41  67  65  65  71  66  56  56  56  
119 16  43  59  59  59  59  76  76  76  76  71  38  76  120 56  
36  16  43  43  70  70  53  76  121 122 76  76  76  76  123 124 
73  19  43  43  125 72  50  77  15  126 127 128 129 130 22  22  
73  3   58  43  131 21  50  8   15  6   6   6   28  10  10  10  
