solveTime = 0.5550000667572021
isOptimal = true

# Solved Matrix:
17  31  18  4   4   4   4   5   5   5   78  79  80  81  82  36  
83  77  18  84  85  70  5   5   5   67  50  86  87  24  46  36  
88  77  18  89  90  39  33  33  33  52  50  91  54  24  46  36  
92  77  18  62  62  33  33  33  93  32  32  32  24  24  40  94  
95  96  97  62  62  14  14  27  72  71  8   98  24  24  40  61  
99  6   100 101 62  14  14  27  51  7   8   102 24  103 57  57  
55  6   65  104 62  62  68  27  21  7   7   105 24  57  57  74  
55  6   65  106 62  62  11  11  11  11  7   20  20  20  107 73  
55  6   65  108 43  43  11  11  11  11  20  20  20  109 110 73  
10  10  48  48  35  35  111 112 66  113 30  16  16  34  34  73  
75  13  48  48  114 115 116 117 66  53  30  76  16  19  38  118 
119 26  60  41  120 121 69  69  66  53  9   9   16  16  28  122 
123 124 60  125 3   58  69  69  66  15  126 127 128 47  28  129 
130 131 3   3   3   45  49  49  66  15  56  63  2   2   28  37  
132 133 3   64  25  45  59  22  22  15  12  12  2   2   28  29  
134 135 1   1   1   1   23  23  23  12  12  42  44  44  44  44  
