solveTime = 1.6340000629425049
isOptimal = true

# Solved Matrix:
27  28  21  21  21  29  12  12  24  24  4   11  1   30  31  8   
32  33  21  21  21  12  12  12  24  24  4   4   1   14  34  8   
35  36  21  21  21  12  12  12  24  24  4   4   1   14  37  8   
38  39  21  21  21  12  12  12  24  24  14  4   1   14  14  8   
6   6   21  21  21  12  12  12  17  40  14  14  14  14  16  8   
20  6   6   41  42  12  12  17  17  14  14  43  44  14  16  8   
20  6   6   45  46  47  48  17  17  17  14  49  50  51  16  8   
20  20  6   6   17  17  17  17  17  17  14  10  10  10  10  8   
52  20  6   6   17  17  17  26  5   5   7   3   3   3   3   8   
15  20  53  6   6   17  17  26  5   7   7   25  25  19  19  8   
15  15  15  15  15  17  25  18  5   7   7   25  25  23  19  8   
13  13  9   9   15  25  25  5   5   7   25  25  25  23  19  8   
54  13  13  9   9   25  25  25  25  25  25  25  25  23  19  8   
55  56  13  13  57  25  25  25  58  59  60  25  25  23  19  61  
62  63  64  65  66  25  25  67  68  69  70  25  71  23  19  19  
72  73  74  75  76  25  25  77  78  79  80  81  82  83  22  2   
