solveTime = 2.8289999961853027
isOptimal = true

# Solved Matrix:
21  21  21  21  21  21  21  21  21  27  28  29  30  31  32  33  
8   34  12  12  12  20  20  20  35  36  37  38  39  40  41  42  
8   43  44  12  12  12  20  20  20  15  15  15  15  45  46  47  
8   48  4   4   3   3   6   6   23  15  15  15  15  49  19  19  
8   50  4   4   3   3   6   6   23  11  11  11  11  19  19  19  
8   51  4   4   18  13  13  13  23  9   9   19  19  19  5   52  
8   53  13  10  13  13  13  13  13  9   9   19  19  5   5   1   
8   13  13  13  13  13  54  13  7   9   9   22  5   5   5   1   
8   55  13  13  13  2   14  7   7   9   22  22  5   5   56  1   
8   57  58  2   2   2   14  7   59  9   22  22  5   60  61  1   
8   62  2   2   2   2   14  7   63  9   22  24  24  24  16  1   
8   64  2   2   2   2   2   7   9   9   24  24  24  16  16  1   
8   65  66  2   2   2   2   7   9   9   17  17  17  17  16  1   
67  68  69  2   2   2   7   7   9   9   17  17  17  17  16  16  
70  71  72  2   73  74  7   75  76  77  17  17  17  17  16  78  
79  80  81  82  83  84  85  86  87  88  89  90  91  92  26  25  
