solveTime = 2.381999969482422
isOptimal = true

# Solved Matrix:
59  78  79  80  74  51  51  23  23  18  18  15  81  62  31  40  
59  59  59  59  74  11  11  11  23  23  18  15  6   6   31  10  
82  83  84  59  11  11  11  47  39  39  18  15  54  54  31  10  
85  86  53  59  59  59  59  87  88  89  18  52  14  71  71  16  
90  53  53  12  12  12  59  38  38  91  18  92  14  3   3   16  
17  53  77  66  12  12  12  55  38  93  18  18  94  3   3   16  
17  44  44  95  56  56  32  55  38  96  36  68  75  75  75  97  
17  42  44  44  30  30  32  73  38  38  36  36  48  70  67  65  
42  42  46  98  30  30  24  24  24  60  60  36  48  27  27  65  
42  46  46  7   76  9   99  100 101 102 50  50  22  27  27  65  
46  46  46  7   37  103 104 61  50  50  50  50  105 4   106 58  
46  46  46  7   19  19  61  61  50  50  64  64  107 4   4   41  
46  46  108 7   19  19  61  5   49  1   64  64  109 26  4   41  
46  110 111 28  28  28  69  5   5   1   25  35  112 113 72  72  
114 33  28  28  28  2   69  115 5   1   116 35  34  45  63  63  
117 33  8   29  118 2   69  21  57  1   13  35  20  43  63  63  
