solveTime = 2.055999994277954
isOptimal = true

# Solved Matrix:
78  68  55  55  61  28  31  31  31  8   51  51  51  79  35  35  
80  68  55  12  26  28  81  31  31  31  38  38  38  82  35  35  
83  68  55  6   34  84  18  18  18  38  38  38  85  65  35  35  
86  55  55  87  88  89  18  18  18  45  45  63  63  54  35  35  
90  39  46  41  69  91  92  23  75  64  19  63  63  93  35  35  
3   3   3   41  69  4   57  23  23  94  19  19  33  95  35  35  
72  3   3   3   69  57  57  23  23  96  97  19  33  16  16  16  
72  40  40  66  53  57  70  70  23  59  20  20  22  73  76  47  
72  40  40  36  53  70  70  98  99  59  59  20  20  73  100 47  
72  44  44  11  11  49  101 29  24  102 59  103 48  48  43  43  
72  44  44  11  11  49  32  32  52  5   42  42  42  56  43  43  
1   1   50  30  30  30  30  58  5   5   5   42  42  42  43  43  
1   1   15  15  13  13  104 5   5   5   14  105 37  106 107 74  
7   7   15  15  13  13  108 21  5   14  14  109 37  37  37  67  
7   7   9   9   10  21  21  21  17  14  14  110 62  60  37  67  
111 112 77  25  113 21  27  27  27  14  71  114 62  2   115 67  
