solveTime = 2.002000093460083
isOptimal = true

# Solved Matrix:
1   1   10  10  10  10  10  10  10  10  10  27  28  29  30  11  
1   1   31  32  25  25  25  25  8   8   8   8   8   33  34  11  
35  36  37  8   8   8   38  8   8   8   8   8   8   8   8   11  
39  40  8   8   8   8   8   8   8   8   21  8   8   8   21  11  
41  42  24  24  8   8   8   8   8   21  21  21  21  21  21  11  
12  16  16  24  24  24  43  44  21  21  21  21  21  21  21  11  
12  16  24  24  24  24  45  46  21  21  21  21  21  21  47  11  
23  16  24  24  24  24  48  49  21  6   6   6   21  50  51  11  
23  16  24  24  24  52  6   6   6   6   2   15  15  15  53  11  
16  16  17  17  24  24  6   6   6   6   2   3   3   3   54  11  
17  17  17  17  6   6   6   19  7   7   2   20  3   3   3   11  
17  17  17  17  55  19  19  19  56  7   7   20  20  57  58  11  
17  17  59  18  4   4   4   19  19  19  7   7   20  60  61  11  
62  63  64  18  18  4   4   19  65  66  67  7   7   68  69  9   
70  14  14  22  18  4   4   4   71  72  73  74  75  76  77  9   
14  14  26  13  13  5   5   5   5   78  79  80  81  82  83  9   
