solveTime = 2.2960000038146973
isOptimal = true

# Solved Matrix:
78  61  61  23  23  48  48  48  79  80  44  81  24  65  58  82  
83  61  61  67  23  23  48  48  48  84  44  44  44  65  58  85  
7   20  20  20  76  57  57  57  57  44  44  44  60  60  58  86  
7   20  22  20  20  87  20  29  11  19  51  44  60  60  63  88  
7   89  22  5   20  20  20  66  11  11  90  64  21  49  49  49  
35  91  22  1   1   1   1   10  77  11  92  8   15  28  28  93  
94  95  53  1   1   1   1   10  96  8   8   8   15  28  28  97  
98  99  53  55  41  41  2   100 8   8   8   17  17  101 36  46  
52  102 53  55  71  3   2   2   8   17  17  17  37  103 104 13  
52  52  53  55  71  56  14  2   17  17  27  27  69  69  74  74  
50  52  33  105 71  106 14  62  107 108 43  27  47  47  32  18  
50  38  33  33  109 110 62  62  73  6   43  27  27  45  111 31  
50  16  33  33  112 62  62  59  12  6   27  27  113 114 115 39  
116 75  34  33  40  62  117 9   12  12  118 27  119 72  72  39  
120 54  34  30  30  121 122 68  26  12  123 27  27  72  70  39  
124 25  4   30  30  125 42  68  26  126 127 128 72  72  70  129 
