solveTime = 1.942000150680542
isOptimal = true

# Solved Matrix:
78  79  11  11  11  80  81  82  83  21  21  38  29  59  84  4   
85  86  36  11  11  11  66  66  21  21  38  38  74  87  20  4   
52  41  88  89  64  31  66  66  56  56  38  38  54  50  12  4   
16  16  33  90  91  31  31  2   56  56  38  92  54  69  12  4   
16  16  33  93  94  95  31  2   2   42  96  97  98  48  48  99  
47  100 33  34  34  34  101 22  2   63  28  72  43  43  48  102 
47  33  33  65  61  35  35  35  103 57  28  72  43  43  48  48  
25  33  33  9   61  35  35  35  57  57  60  71  5   5   5   104 
25  33  9   9   62  58  19  46  57  39  39  105 51  5   5   5   
25  33  9   106 19  19  19  46  73  73  39  39  14  77  77  67  
17  33  107 108 19  19  19  3   75  75  18  18  14  26  68  67  
17  17  40  40  19  6   3   3   109 27  18  18  14  23  68  37  
13  17  40  40  110 111 3   55  55  27  27  27  14  23  112 37  
13  13  49  15  113 114 3   30  30  115 116 27  32  8   117 37  
13  13  49  44  53  3   3   30  30  45  45  45  7   7   118 1   
76  13  10  10  53  3   119 120 121 122 70  45  45  45  123 24  
