solveTime = 2.1440000534057617
isOptimal = true

# Solved Matrix:
2   2   2   27  28  29  30  31  32  33  13  18  13  13  13  19  
20  2   9   8   8   8   4   4   4   4   13  5   13  34  13  19  
20  2   9   1   8   8   8   4   35  4   13  5   13  36  13  19  
2   2   2   1   1   4   4   4   12  37  13  13  13  38  13  19  
39  24  15  4   1   4   12  12  12  40  41  42  43  44  23  19  
24  24  15  4   4   4   4   12  45  46  47  48  49  50  23  19  
24  15  15  12  12  12  12  12  51  52  53  54  23  23  23  19  
55  15  15  12  12  12  12  56  7   57  6   6   23  23  23  19  
15  15  12  12  12  12  12  58  7   7   6   6   23  23  23  11  
15  15  12  59  60  25  25  7   7   7   6   61  23  11  11  11  
15  12  12  12  62  25  63  7   7   22  6   64  23  11  11  11  
15  12  65  17  17  25  25  25  7   22  6   66  67  11  68  69  
17  17  17  17  17  10  25  25  25  22  6   21  14  70  71  72  
17  17  10  10  10  10  10  10  25  6   6   26  14  73  74  75  
10  10  10  10  10  10  76  25  25  6   6   26  14  77  16  16  
78  79  10  80  81  82  83  3   3   3   3   3   3   3   16  16  
