solveTime = 1.9049999713897705
isOptimal = true

# Solved Matrix:
27  10  6   6   6   6   1   1   1   7   7   28  29  30  21  21  
6   6   6   6   4   1   1   1   1   7   7   31  32  33  21  21  
34  35  36  4   4   1   1   1   7   7   37  38  39  40  21  21  
41  42  4   4   4   4   43  8   7   7   44  45  46  47  21  21  
48  49  4   4   23  23  8   8   8   50  51  52  53  54  21  21  
4   4   4   4   3   23  23  8   11  11  55  25  25  25  25  9   
24  4   4   3   3   3   3   3   11  16  56  15  15  15  15  9   
24  4   24  24  24  5   3   11  11  16  57  58  59  60  61  9   
24  24  24  24  24  5   5   5   5   16  16  16  62  63  64  26  
24  24  24  24  24  65  66  5   5   16  16  14  14  13  13  26  
24  24  24  24  24  67  5   5   16  16  16  14  14  13  68  26  
24  24  24  24  24  69  5   5   5   5   16  14  14  13  13  70  
24  24  24  71  24  72  73  74  75  5   16  22  22  13  13  76  
77  78  79  80  24  81  82  18  2   83  22  22  19  13  13  84  
85  86  87  88  89  90  20  18  2   91  19  19  19  19  13  92  
93  94  95  96  97  98  17  12  12  99  100 19  101 13  13  102 
