solveTime = 2.115000009536743
isOptimal = true

# Solved Matrix:
27  28  29  21  21  21  21  21  3   3   3   3   30  31  32  33  
34  35  36  37  38  15  15  21  21  21  3   3   3   3   23  23  
39  40  41  15  15  15  15  42  43  21  21  21  21  21  23  23  
44  45  15  15  15  25  25  25  46  47  48  26  26  26  23  23  
15  15  15  15  14  25  25  25  49  50  51  5   5   5   23  23  
15  15  24  24  14  25  25  25  8   52  53  5   5   5   23  23  
54  55  56  24  14  14  8   8   8   57  58  1   1   1   23  23  
59  60  61  24  24  14  20  8   8   62  63  1   1   1   1   1   
64  65  66  67  24  14  16  8   68  69  70  71  72  1   1   1   
73  74  75  76  24  24  11  8   18  18  18  77  78  79  80  81  
2   82  83  7   9   9   8   8   18  18  18  18  84  85  86  87  
2   88  18  17  9   9   8   8   8   18  18  18  18  18  18  18  
2   89  18  17  19  19  8   90  18  18  4   4   4   4   6   18  
2   91  18  18  18  18  18  18  18  92  4   4   4   6   6   18  
12  13  13  13  13  13  18  18  18  18  93  4   4   4   6   6   
13  13  13  13  13  22  22  18  18  18  4   4   4   4   6   10  
