solveTime = 1.4300000667572021
isOptimal = true

# Solved Matrix:
19  19  70  63  63  38  11  78  79  80  43  81  64  64  37  82  
83  19  70  84  26  38  11  11  42  85  43  43  43  8   8   8   
72  19  70  86  26  33  24  11  42  87  43  43  43  8   8   8   
58  19  70  49  49  16  24  59  42  42  43  43  43  15  15  88  
58  19  70  89  49  77  77  22  22  42  43  43  43  56  15  15  
58  19  19  90  49  77  77  22  22  42  43  43  43  74  62  34  
58  1   73  91  49  49  92  2   14  14  93  39  43  4   34  34  
94  60  23  95  41  41  41  2   14  14  39  39  96  4   34  97  
98  44  44  5   5   10  51  47  47  47  39  55  55  4   54  13  
6   32  27  27  27  20  29  99  47  47  47  48  100 4   46  67  
6   6   65  27  27  27  101 102 45  103 104 105 106 4   46  21  
53  6   107 35  12  28  45  45  45  45  108 109 110 4   68  21  
71  75  31  31  12  28  28  45  69  25  25  18  111 112 68  21  
17  17  17  40  7   7   28  36  30  25  25  18  113 114 68  115 
116 17  17  17  76  76  36  36  30  3   3   3   3   117 118 66  
9   50  119 120 76  76  36  52  52  52  52  52  61  61  57  66  
