solveTime = 0.01699995994567871
isOptimal = true

# Solved Matrix:
8   11  27  28  29  30  31  32  33  34  35  19  19  19  19  19  
11  11  36  37  38  39  40  41  42  43  44  4   4   4   4   4   
11  11  45  46  12  12  47  48  49  50  51  4   4   4   4   4   
11  15  52  53  12  12  12  12  12  54  24  24  24  9   55  56  
15  15  57  58  13  13  12  12  12  12  12  5   5   9   9   59  
60  15  23  23  6   13  13  14  14  12  12  18  5   5   9   9   
61  15  23  23  6   6   13  13  14  14  18  18  3   2   2   9   
62  15  23  23  1   6   6   13  13  18  18  3   3   2   2   63  
15  15  10  10  1   64  6   20  20  18  3   3   65  2   2   66  
15  15  10  10  1   1   20  20  16  67  3   68  69  70  71  72  
15  10  10  1   1   1   1   1   1   73  74  75  76  77  78  79  
15  10  10  7   7   7   7   1   1   1   1   1   1   80  81  82  
15  22  22  22  22  7   7   7   7   17  1   1   83  84  85  86  
15  15  22  22  22  17  17  17  17  17  17  1   87  88  89  25  
15  90  91  22  22  22  17  92  93  94  95  1   96  97  98  21  
99  100 101 22  22  22  22  102 103 104 26  26  26  26  26  21  
