solveTime = 9.04099988937378
isOptimal = true

# Solved Matrix:
22  26  26  27  28  29  30  15  31  32  3   24  24  24  24  24  
33  26  18  18  18  15  15  15  34  35  3   3   3   3   3   3   
26  26  18  18  18  15  15  15  36  37  38  39  12  40  41  3   
20  20  20  14  14  15  15  15  5   5   5   5   12  12  12  42  
7   43  19  25  14  15  15  15  5   5   5   5   12  12  12  44  
7   45  19  6   14  15  9   9   5   4   5   5   12  12  12  12  
7   7   7   46  14  47  9   9   5   4   5   5   12  12  12  12  
8   7   7   7   14  14  9   9   5   4   10  10  10  12  12  12  
8   16  16  7   48  49  9   9   5   4   10  10  10  12  12  12  
8   16  16  7   50  51  9   9   5   4   10  10  10  13  13  12  
8   16  16  52  53  54  9   9   5   4   13  13  13  13  13  55  
8   16  16  56  57  58  9   9   5   4   13  13  13  13  13  21  
8   16  16  59  60  5   5   61  5   4   13  13  23  62  63  21  
8   16  16  64  65  5   5   66  5   1   1   1   23  23  67  21  
11  11  11  11  68  5   5   5   5   69  1   23  23  70  17  17  
2   11  11  11  11  5   5   5   5   1   1   1   23  71  17  17  
