solveTime = 0.35199999809265137
isOptimal = true

# Solved Matrix:
27  14  15  15  15  28  29  30  31  18  32  33  34  7   7   7   
14  14  15  15  15  35  36  37  38  18  18  18  18  7   7   7   
14  14  15  15  15  15  15  15  39  18  18  18  18  7   7   7   
14  12  13  26  26  15  15  15  40  18  18  18  18  18  18  18  
3   12  8   26  26  15  15  15  41  42  9   9   18  18  18  18  
3   3   3   3   26  43  44  45  46  47  9   9   18  18  18  18  
16  16  16  3   26  26  48  49  17  6   6   9   9   9   9   18  
16  16  16  50  26  26  51  52  17  6   6   9   9   9   9   53  
16  16  16  2   2   54  25  25  17  6   6   21  21  21  9   9   
55  24  56  57  2   23  25  25  17  17  11  11  58  59  9   9   
24  24  60  2   2   23  22  22  22  17  11  11  61  62  63  64  
24  24  65  2   22  22  22  66  67  17  11  11  68  69  70  71  
24  19  20  2   2   4   4   4   4   17  4   4   4   4   4   4   
5   19  19  10  10  10  10  4   4   4   4   72  73  74  75  76  
5   77  19  1   1   1   1   4   4   4   4   78  79  80  81  82  
5   83  4   4   4   4   4   4   84  4   4   4   4   85  86  87  
