solveTime = 0.0
isOptimal = true

# Solved Matrix:
44  44  44  78  49  49  49  49  22  20  10  10  10  10  66  79  
80  26  4   4   49  49  49  22  22  20  23  57  57  42  41  41  
37  4   4   49  49  49  49  22  20  20  23  81  54  54  69  69  
37  63  82  56  56  56  22  22  20  83  23  84  54  54  69  69  
37  63  56  56  56  27  22  76  20  55  55  55  55  85  86  25  
37  87  31  31  31  18  18  76  6   6   6   6   38  88  89  90  
75  91  92  14  65  18  18  61  67  67  93  3   38  94  95  35  
21  70  96  74  9   9   9   71  29  29  3   3   38  97  52  1   
98  47  47  9   9   9   99  100 13  13  3   3   101 102 52  39  
58  58  5   24  19  72  77  103 104 105 3   34  34  106 52  39  
58  58  5   19  19  72  77  77  107 108 30  30  30  30  30  39  
11  60  5   19  8   8   8   77  109 36  36  12  12  110 111 45  
53  73  5   15  43  8   8   8   64  36  36  12  12  112 113 45  
114 73  50  15  33  33  33  115 68  2   2   2   17  17  17  46  
116 117 62  62  33  33  33  118 2   2   2   17  17  17  119 40  
120 121 62  62  7   32  32  48  16  122 123 51  51  28  59  59  
