solveTime = 0.0
isOptimal = true

# Solved Matrix:
10  10  57  57  57  78  32  3   3   77  79  69  69  80  53  38  
56  10  10  19  19  19  3   3   52  67  67  69  69  69  53  38  
75  35  35  59  19  19  19  22  52  52  67  67  69  69  53  38  
81  35  35  21  21  68  22  22  82  52  51  33  33  33  33  38  
49  49  83  2   21  21  22  22  55  33  33  33  33  84  85  38  
49  49  86  2   87  88  22  31  42  66  66  66  66  89  34  34  
49  49  6   2   5   5   26  26  26  90  91  92  93  50  34  34  
94  20  41  2   5   5   12  12  95  9   96  50  50  50  74  8   
63  16  16  2   5   5   60  24  24  9   40  50  17  36  36  97  
7   16  16  25  25  60  60  24  24  9   9   17  17  17  23  97  
7   7   25  25  64  60  98  76  11  9   9   99  17  4   4   97  
100 7   101 102 30  30  27  27  27  27  9   48  61  103 73  43  
45  45  104 105 30  30  72  14  62  70  9   48  61  106 73  43  
47  47  39  29  14  14  14  14  62  44  15  48  61  107 73  43  
108 109 58  29  14  37  46  54  54  110 15  48  61  65  65  1   
111 112 113 29  28  28  28  54  54  18  13  48  114 65  65  71  
