solveTime = 0.0
isOptimal = true

# Solved Matrix:
11  5   5   5   5   5   5   5   62  62  62  24  24  24  20  78  
55  79  80  58  47  47  47  62  62  62  36  36  36  68  20  29  
55  81  58  58  59  59  47  47  47  23  23  23  23  61  20  29  
55  82  58  58  18  18  18  18  83  43  63  63  63  61  84  29  
60  85  58  16  16  16  16  86  74  43  43  34  39  8   8   29  
60  16  16  16  16  87  17  88  9   43  43  89  8   8   90  50  
60  91  2   2   2   17  17  12  9   70  43  8   8   52  35  35  
60  19  71  38  38  17  32  12  92  93  8   8   94  10  95  31  
60  19  96  38  38  97  32  28  40  40  40  98  10  10  49  31  
19  19  13  13  99  45  100 101 27  22  22  65  10  41  51  51  
19  44  15  13  13  45  72  72  27  37  102 65  65  41  56  56  
19  44  103 104 30  30  30  73  53  37  105 106 65  25  56  56  
33  107 108 57  4   1   109 110 111 112 26  113 48  25  56  56  
33  114 14  14  1   1   67  115 76  76  26  48  48  25  116 46  
66  117 118 64  1   1   67  76  76  75  26  48  21  119 77  7   
66  69  120 64  1   121 3   3   3   75  54  42  21  6   77  7   
